9.900845
9.953761
10.002186
10.028022
10.057435
10.089058
10.096889
10.100818
10.111481
10.111361
10.115975
10.126337
10.132306
10.134039
10.132983
10.129611
10.124538
10.123339
10.121860
10.117160
10.117881
10.121240
10.111654
10.081296
10.052021
10.041090
10.038979
10.040021
10.033806
10.030611
10.038259
9.994171
10.033445
10.083209
10.079383
10.080622
10.089849
10.091641
10.088218
10.085386
10.089712
10.086814
10.080855
10.063226
9.994773
9.917310
9.935751
9.904097
9.900368
9.879237
9.957617
10.026347
10.005400
10.010245
10.014871
10.042529
10.071906
10.076756
10.075265
10.075160
10.087753
10.080186
10.067848
10.078814
10.075240
10.089582
10.099235
10.092915
10.080288
10.072695
10.093129
10.062704
10.047097
10.076556
10.045956
10.095174
10.095308
10.059140
10.088377
10.090755
10.095750
10.095189
10.096982
10.111946
10.108557
10.103233
10.097485
10.084874
10.087640
10.084974
10.080641
10.067870
10.080560
10.090877
10.034218
10.013102
10.023268
10.009696
10.020942
10.012884
10.028919
10.003223
10.054013
10.024781
9.994386
10.076911
10.074440
10.074340
10.073788
10.075829
10.073469
10.080155
10.073262
10.039831
10.071223
10.058434
10.019046
10.003701
10.028096
10.052985
10.050968
10.050833
10.022088
10.023704
10.013862
10.004769
10.009897
10.058950
10.066061
10.056540
10.076607
10.074795
10.075078
10.063836
10.064075
10.048574
10.056457
10.066797
10.045091
10.044572
10.050273
10.066880
10.084079
10.106320
10.110843
10.124724
10.127666
10.120977
10.129518
10.130474
10.130138
10.129140
10.127798
10.125761
10.118085
10.100926
10.050337
10.023859
10.029886
10.049550
10.056470
10.053468
10.056241
10.088311
10.091072
10.088769
10.094572
10.093665
10.098415
10.097782
10.091205
10.092030
10.103726
10.099808
10.087561
10.079118
10.083492
10.086327
10.086840
10.072079
10.061500
10.075739
10.091664
10.101136
10.100928
10.102164
10.100206
10.097603
10.088024
10.078247
10.079078
10.094303
10.085571
9.998458
9.957998
9.984779
10.004804
10.015025
9.996132
10.058505
10.064934
10.049822
10.049742
10.058669
10.069957
10.056694
10.073695
10.085692
10.103828
10.115556
10.111277
10.112443
10.104763
10.109844
10.103844
10.095338
10.106025
10.076002
10.081232
10.044930
10.017904
10.016030
9.950674
9.992056
9.940213
9.957007
9.863591
9.889195
9.808474
9.695845
9.860053
9.914426
9.971073
9.969012
10.013865
10.026805
10.016843
10.044465
10.035855
10.065149
10.087125
10.081351
10.084373
10.088083
10.083101
10.080919
10.085446
10.094302
10.094215
10.093947
10.085943
10.058271
10.049045
10.042980
10.018365
10.012948
10.012542
9.920708
9.753201
9.664992
9.524612
8.609175
2.000671
2.000359
2.000403
2.000364
2.000528
2.000395
2.000529
2.000439
2.000501
2.000464
2.000472
2.000474
2.000454
2.000472
2.000439
2.000469
2.000431
2.000457
2.000422
2.000452
2.000419
2.000439
2.000413
2.000432
2.000412
2.000423
2.000407
2.000416
2.000407
2.000407
2.000405
2.000401
2.000403
2.000395
2.000403
2.000389
2.000401
2.000386
2.000401
2.000379
2.000399
2.000377
2.000399
2.000372
2.000397
2.000370
2.000396
2.000367
2.000396
2.000365
2.000394
2.000362
2.000393
2.000362
2.000391
2.000360
2.000390
2.000360
2.000389
2.000359
2.000386
2.000358
2.000385
2.000358
2.000383
2.000358
2.000381
2.000359
2.000380
2.000358
2.000376
2.000359
2.000375
2.000359
2.000374
2.000361
2.000371
2.000360
2.000370
2.000362
2.000367
2.000361
2.000367
2.000363
2.000364
2.000362
2.000363
2.000363
2.000362
2.000364
2.000360
2.000364
2.000360
2.000365
2.000358
2.000364
2.000358
2.000365
2.000356
2.000364
2.000356
2.000365
2.000355
2.000365
2.000355
2.000365
2.000354
2.000364
2.000355
2.000365
2.000354
2.000363
2.000354
2.000363
2.000354
2.000363
2.000354
2.000362
2.000355
2.000361
2.000354
2.000361
2.000355
2.000360
2.000356
2.000359
2.000356
2.000358
2.000356
2.000358
2.000356
2.000357
2.000356
2.000357
2.000357
2.000356
2.000357
2.000356
2.000358
2.000355
2.000358
2.000355
2.000357
2.000354
2.000359
2.000354
2.000357
2.000354
2.000358
2.000354
2.000358
2.000353
2.000358
2.000353
2.000358
2.000353
2.000357
2.000353
2.000358
2.000353
2.000357
2.000353
2.000357
2.000353
2.000356
2.000353
2.000357
2.000353
2.000356
2.000353
2.000356
2.000354
2.000355
2.000354
2.000355
2.000354
2.000355
2.000354
2.000355
2.000355
2.000354
2.000355
2.000354
2.000355
2.000354
2.000355
2.000353
2.000355
2.000353
2.000355
2.000353
2.000355
2.000353
2.000355
2.000353
2.000355
2.000353
2.000355
2.000353
2.000355
2.000352
2.000356
2.000352
2.000355
2.000353
2.000355
2.000353
2.000355
2.000353
2.000355
2.000352
2.000355
2.000353
2.000354
2.000353
2.000354
2.000353
2.000354
2.000353
2.000354
2.000353
2.000354
2.000353
2.000353
2.000353
2.000353
2.000354
2.000353
2.000354
2.000353
2.000354
2.000353
2.000354
2.000353
2.000354
2.000353
2.000354
2.000352
2.000354
2.000352
2.000354
2.000352
2.000354
2.000352
2.000354
2.000352
2.000354
2.000352
2.000354
2.000352
2.000353
2.000352
2.000354
2.000352
2.000354
2.000353
2.000353
2.000353
2.000353
2.000353
2.000353
2.000353
2.000353
2.000353
2.000353
2.000353
2.000353
2.000353
2.000353
2.000353
2.000353
2.000353
2.000353
2.000353
2.000353
2.000353
2.000353
2.000353
2.000352
2.000353
2.000352
2.000353
2.000352
2.000353
2.000352
2.000353
2.000352
2.000353
2.000352
2.000353
2.000352
2.000353
2.000352
2.000353
2.000352
2.000353
2.000352
2.000353
2.000352
2.000353
2.000352
2.000353
2.000352
2.000353
2.000353
2.000353
2.000352
2.000353
2.000353
2.000353
2.000353
2.000353
2.000353
2.000353
2.000353
2.000352
2.000353
2.000353
2.000353
2.000352
2.000353
2.000352
2.000353
2.000352
2.000353
2.000352
2.000353
2.000352
2.000353
2.000352
2.000353
2.000352
2.000353
2.000352
2.000353
2.000352
2.000353
2.000352
2.000353
2.000352
2.000353
2.000352
2.000353
2.000352
2.000353
2.000352
2.000353
2.000352
2.000353
2.000352
2.000353
2.000352
2.000353
2.000352
2.000352
2.000352
2.000353
2.000352
2.000352
2.000353
2.000352
2.000352
2.000352
2.000353
2.000352
2.000353
2.000352
2.000352
2.000352
2.000352
2.000352
2.000353
2.000352
2.000353
2.000352
2.000353
2.000352
2.000353
2.000352
2.000352
2.000352
2.000353
2.000352
2.000352
2.000352
2.000352
2.000352
2.000352
2.000352
2.000353
2.000352
2.000353
2.000352
2.000352
2.000352
2.000352
2.000352
2.000352
2.000352
2.000352
2.000352
2.000352
2.000352
2.000352
2.000352
2.000352
2.000352
2.000352
2.000352
2.000352
2.000353
2.000352
2.000352
2.000352
2.000352
2.000352
2.000352
2.000352
2.000352
2.000352
2.000352
2.000352
2.000352
2.000352
2.000352
2.000352
2.000352
2.000352
2.000352
2.000352
2.000352
2.000352
2.000352
2.000352
2.000352
2.000352
2.000352
2.000352
2.000352
2.000352
2.000352
2.000352
2.000352
2.000352
2.000352
2.000352
2.000352
2.000352
2.000352
2.000352
2.000352
2.000352
2.000352
2.000352
2.000352
2.000352
2.000352
2.000352
2.000352
2.000352
2.000352
2.000352
2.000352
2.000352
2.000352
2.000352
2.000352
2.000352
2.000352
2.000352
2.000352
2.000352
2.000352
2.000352
2.000352
2.000352
2.000352
2.000352
2.000352
2.000352
2.000352
2.000352
2.000352
2.000352
2.000352
2.000352
2.000352
2.000352
2.000352
2.000352
2.000352
2.000352
2.000352
2.000352
2.000352
2.000352
2.000352
2.000352
2.000352
2.000352
2.000352
2.000352
2.000352
2.000352
2.000352
2.000352
2.000352
2.000352
2.000352
2.000352
2.000352
2.000352
2.000352
2.000352
2.000352
2.000352
2.000352
2.000352
2.000352
2.000352
2.000352
2.000352
2.000352
2.000352
2.000352
2.000352
2.000352
2.000352
2.000352
2.000352
2.000352
2.000352
2.000352
2.000352
2.000352
2.000352
2.000352
2.000352
2.000352
2.000352
2.000352
2.000352
2.000352
2.000352
2.000352
2.000352
2.000352
2.000352
2.000352
2.000352
2.000352
2.000352
2.000352
2.000352
2.000352
2.000352
2.000352
2.000352
2.000352
2.000352
2.000352
2.000352
2.000352
2.000352
2.000352
2.000352
2.000352
2.000352
2.000352
2.000352
2.000352
2.000352
2.000352
2.000352
2.000352
2.000352
2.000352
2.000352
2.000352
2.000352
2.000352
2.000352
2.000352
2.000352
2.000352
2.000352
2.000352
2.000352
2.000352
2.000352
2.000352
2.000352
2.000352
2.000352
2.000352
2.000352
2.000352
2.000352
2.000352
2.000352
2.000352
2.000352
2.000352
2.000352
2.000352
2.000352
2.000352
2.000352
2.000352
2.000352
2.000352
2.000352
2.000352
2.000352
2.000352
2.000352
2.000352
2.000352
2.000352
2.000352
2.000352
2.000352
2.000352
2.000352
2.000352
2.000352
2.000352
2.000352
2.000352
2.000352
2.000352
2.000352
2.000352
2.000352
2.000352
2.000352
2.000352
2.000352
2.000352
2.000352
2.000352
2.000352
2.000352
2.000352
2.000352
2.000352
2.000352
2.000352
2.000352
2.000352
2.000352
2.000352
2.000352
2.000352
2.000352
2.000352
2.000352
2.000352
2.000352
2.000352
2.000352
2.000352
2.000352
2.000352
2.000352
2.000352
2.000352
2.000352
2.000352
2.000352
2.000352
2.000352
2.000352
2.000352
2.000352
2.000352
2.000352
2.000352
2.000352
2.000352
2.000352
2.000352
2.000352
2.000352
2.000352
2.000352
2.000352
2.000352
2.000352
2.000352
2.000352
2.000352
2.000352
2.000352
2.000352
2.000352
2.000352
2.000352
2.000352
2.000352
2.000352
2.000352
2.000352
2.000352
2.000352
2.000352
2.000352
2.000352
2.000352
2.000352
2.000352
2.000352
2.000352
2.000352
2.000352
2.000352
2.000352
2.000352
2.000352
2.000352
2.000352
2.000352
2.000352
2.000352
2.000352
2.000352
2.000352
2.000352
2.000352
2.000352
2.000352
2.000352
2.000352
2.000352
2.000352
2.000352
2.000352
2.000352
2.000352
2.000352
2.000352
2.000352
2.000352
2.000352
2.000352
2.000352
2.000352
2.000352
2.000352
2.000352
2.000352
2.000352
2.000352
2.000352
2.000352
2.000352
2.000352
2.000352
2.000352
2.000352
2.000352
2.000352
2.000352
