1000 1.
    0.140371
    0.286440
    0.386664
    0.392723
    0.295014
    0.128687
    -4.24313E-02
   -0.156468
   -0.183472
   -0.139510
    -7.74808E-02
    -5.88875E-02
   -0.120470
   -0.252299
   -0.398432
   -0.480298
   -0.432088
   -0.231898
     8.53236E-02
    0.438316
    0.728232
    0.872826
    0.832297
    0.618088
    0.284101
    -9.32047E-02
   -0.436494
   -0.683656
   -0.795661
   -0.757940
   -0.578956
   -0.288370
     6.54991E-02
    0.421208
    0.714559
    0.892974
    0.929706
    0.832077
    0.639311
    0.409587
    0.200776
     5.22771E-02
    -2.49375E-02
    -4.67350E-02
    -4.44326E-02
    -4.94239E-02
    -8.06895E-02
   -0.139822
   -0.214141
   -0.284727
   -0.334679
   -0.353994
   -0.340222
   -0.296538
   -0.229779
   -0.149922
    -7.03617E-02
    -6.92603E-03
     2.60688E-02
     2.23438E-02
    -1.02493E-02
    -4.83495E-02
    -5.94274E-02
    -1.52172E-02
     9.27264E-02
    0.242880
    0.385602
    0.458890
    0.413407
    0.236724
    -3.45838E-02
   -0.322406
   -0.533623
   -0.596394
   -0.491507
   -0.264677
    -1.26891E-02
    0.152947
    0.151111
    -3.35260E-02
   -0.340416
   -0.654082
   -0.848915
   -0.840092
   -0.619523
   -0.261145
    0.107495
    0.356333
    0.405402
    0.256776
    -7.87892E-03
   -0.263230
   -0.394264
   -0.344945
   -0.140461
    0.126399
    0.338251
    0.405995
    0.307787
     9.68697E-02
   -0.124660
   -0.253532
   -0.232244
    -7.38757E-02
    0.145966
    0.325390
    0.383118
    0.294180
     9.85981E-02
   -0.119523
   -0.271208
   -0.300961
   -0.206725
    -3.38545E-02
    0.151520
    0.294906
    0.375286
    0.406754
    0.421416
    0.444589
    0.476521
    0.490459
    0.447553
    0.320023
    0.109887
   -0.146648
   -0.391264
   -0.565747
   -0.633413
   -0.590111
   -0.461348
   -0.289129
   -0.116535
     2.27070E-02
    0.106944
    0.124313
     7.08636E-02
    -4.70687E-02
   -0.207077
   -0.366821
   -0.468479
   -0.454243
   -0.288932
     2.00296E-02
    0.416207
    0.807378
     1.09546
     1.21152
     1.14080
    0.926324
    0.649414
    0.396142
    0.225091
    0.150737
    0.148450
    0.176236
    0.200379
    0.211202
    0.221588
    0.250878
    0.304974
    0.365290
    0.393883
    0.352641
    0.226157
     3.54593E-02
   -0.165530
   -0.309804
   -0.343696
   -0.247071
    -3.81443E-02
    0.237719
    0.527519
    0.787280
    0.987904
     1.11006
     1.13546
     1.04433
    0.824677
    0.489816
     9.31501E-02
   -0.272961
   -0.500693
   -0.507068
   -0.274265
    0.130750
    0.571102
    0.887949
    0.963459
    0.771383
    0.391069
    -2.39352E-02
   -0.310834
   -0.368127
   -0.200162
     8.47232E-02
    0.322016
    0.363467
    0.141829
   -0.300364
   -0.829341
    -1.27576
    -1.50141
    -1.44775
    -1.14775
   -0.700692
   -0.226169
    0.178958
    0.462364
    0.611874
    0.634583
    0.536641
    0.317996
    -1.48188E-02
   -0.427460
   -0.844647
    -1.15868
    -1.26161
    -1.08926
   -0.656594
    -6.55719E-02
    0.522070
    0.938423
     1.06821
    0.888447
    0.472700
    -4.09954E-02
   -0.504018
   -0.810020
   -0.925984
   -0.891606
   -0.791259
   -0.713450
   -0.715633
   -0.807073
   -0.952809
    -1.09274
    -1.16535
    -1.12680
   -0.960861
   -0.680426
   -0.323471
     5.37811E-02
    0.386218
    0.612433
    0.690156
    0.611002
    0.408283
    0.151878
    -7.16700E-02
   -0.188866
   -0.167834
    -3.31724E-02
    0.141095
    0.259626
    0.244453
     6.83249E-02
   -0.231734
   -0.566740
   -0.828960
   -0.932046
   -0.841640
   -0.584782
   -0.236125
    0.111445
    0.378641
    0.521982
    0.540135
    0.465688
    0.348897
    0.240981
    0.181897
    0.193632
    0.277571
    0.414474
    0.567379
    0.689057
    0.734790
    0.678155
    0.523978
    0.311454
     1.03255E-01
    -3.73113E-02
    -7.23082E-02
    -6.34936E-03
    0.114366
    0.222420
    0.260492
    0.208905
     9.54946E-02
    -1.79337E-02
    -6.66472E-02
    -1.63992E-02
    0.117765
    0.277388
    0.388916
    0.400683
    0.310039
    0.166803
     5.08917E-02
     3.48258E-02
    0.149166
    0.367188
    0.615412
    0.804127
    0.863165
    0.767143
    0.540945
    0.246376
    -4.10616E-02
   -0.254156
   -0.347563
   -0.302365
   -0.125754
    0.149959
    0.468716
    0.756418
    0.935581
    0.948932
    0.784496
    0.489318
    0.160425
    -8.89722E-02
   -0.176742
    -9.12540E-02
     9.83557E-02
    0.270493
    0.308414
    0.160395
   -0.128000
   -0.429003
   -0.591663
   -0.518063
   -0.218689
    0.183302
    0.504931
    0.590263
    0.389217
    -1.20692E-02
   -0.427061
   -0.655760
   -0.581222
   -0.227970
    0.247438
    0.630003
    0.748185
    0.554012
    0.142271
   -0.299497
   -0.583726
   -0.610940
   -0.409583
   -0.109875
    0.131538
    0.214607
    0.142645
     9.78820E-03
    -6.14313E-02
     3.67411E-03
    0.184597
    0.373337
    0.432922
    0.274770
    -8.71797E-02
   -0.535028
   -0.899373
    -1.03841
   -0.902987
   -0.555223
   -0.133525
    0.215407
    0.401130
    0.418542
    0.330656
    0.219888
    0.138534
     8.67897E-02
     2.83760E-02
    -6.94367E-02
   -0.199107
   -0.304684
   -0.309696
   -0.165926
    0.106233
    0.412091
    0.619263
    0.620024
    0.387125
    -7.45938E-03
   -0.422581
   -0.712613
   -0.793962
   -0.679312
   -0.462613
   -0.264020
   -0.165105
   -0.169207
   -0.207481
   -0.185937
    -4.63446E-02
    0.193461
    0.442775
    0.583652
    0.534577
    0.297847
    -3.51137E-02
   -0.323948
   -0.444620
   -0.346516
    -7.30371E-02
    0.263163
    0.535831
    0.662305
    0.633936
    0.507041
    0.362914
    0.260746
    0.209087
    0.169508
     8.77310E-02
    -6.71436E-02
   -0.278014
   -0.483332
   -0.606557
   -0.595455
   -0.450594
   -0.228785
    -2.03507E-02
     8.81419E-02
     4.82492E-02
   -0.133309
   -0.400016
   -0.668326
   -0.856824
   -0.910818
   -0.815866
   -0.599078
   -0.320559
    -5.80910E-02
    0.112270
    0.136782
     1.32799E-03
   -0.260619
   -0.574779
   -0.848624
    -1.00368
    -1.00532
   -0.876576
   -0.687881
   -0.525715
   -0.453687
   -0.484555
   -0.577247
   -0.660788
   -0.673220
   -0.595407
   -0.461895
   -0.342885
   -0.306745
   -0.382953
   -0.545239
   -0.723683
   -0.838897
   -0.839551
   -0.723288
   -0.530912
   -0.319159
   -0.129325
     2.93102E-02
    0.172039
    0.313311
    0.441235
    0.510805
    0.463765
    0.266267
    -5.72933E-02
   -0.416549
   -0.683245
   -0.745143
   -0.560072
   -0.181846
    0.257448
    0.602293
    0.739875
    0.645328
    0.384555
     7.50248E-02
   -0.173578
   -0.307395
   -0.341343
   -0.333359
   -0.337887
   -0.367335
   -0.384315
   -0.328584
   -0.161542
     9.97080E-02
    0.381089
    0.586225
    0.648591
    0.571132
    0.429015
    0.331336
    0.361163
    0.526742
    0.752077
    0.914243
    0.908987
    0.709676
    0.386959
     7.68957E-02
    -8.70287E-02
    -4.26257E-02
    0.168109
    0.420009
    0.569310
    0.528338
    0.311424
     2.83385E-02
   -0.170997
   -0.171617
     4.99971E-02
    0.415790
    0.785399
     1.02271
     1.05514
    0.897467
    0.632281
    0.362354
    0.162685
     5.67573E-02
     2.49720E-02
     3.39684E-02
     6.48911E-02
    0.122115
    0.218656
    0.350843
    0.482541
    0.553440
    0.510170
    0.342916
     1.04104E-01
   -0.106076
   -0.184103
    -7.60325E-02
    0.189761
    0.509771
    0.751603
    0.817014
    0.689395
    0.440573
    0.192857
     5.59476E-02
     7.17413E-02
    0.195822
    0.324714
    0.353526
    0.232639
    -6.76573E-03
   -0.271145
   -0.455771
   -0.500029
   -0.416783
   -0.280778
   -0.183917
   -0.183296
   -0.271118
   -0.382678
   -0.436902
   -0.385719
   -0.243898
    -8.22768E-02
     1.19429E-02
    -1.43741E-02
   -0.147402
   -0.309630
   -0.398128
   -0.337615
   -0.120238
    0.188623
    0.481072
    0.657425
    0.670825
    0.544121
    0.352813
    0.185525
     1.03743E-01
    0.120489
    0.205474
    0.309402
    0.391089
    0.432331
    0.435191
    0.408110
    0.353510
    0.266957
    0.148451
     1.66158E-02
    -8.70637E-02
   -0.111384
    -2.20278E-02
    0.172646
    0.413381
    0.608308
    0.672296
    0.568909
    0.332690
     5.79068E-02
   -0.143283
   -0.193784
    -8.91008E-02
     1.00391E-01
    0.264777
    0.310479
    0.208552
     1.05360E-02
   -0.176814
   -0.245707
   -0.143386
     9.81043E-02
    0.373511
    0.551893
    0.536997
    0.311608
    -5.45579E-02
   -0.435825
   -0.704383
   -0.781348
   -0.662610
   -0.410675
   -0.120253
    0.123502
    0.274330
    0.330861
    0.321268
    0.278802
    0.222844
    0.154690
     6.76407E-02
    -3.71629E-02
   -0.140178
   -0.205237
   -0.193201
    -8.02989E-02
    0.128348
    0.396690
    0.667877
    0.881568
    0.991021
    0.974028
    0.835681
    0.604686
    0.326507
     5.56376E-02
   -0.152770
   -0.252894
   -0.219867
    -6.04533E-02
    0.182252
    0.435135
    0.614087
    0.651681
    0.523979
    0.264986
    -3.96467E-02
   -0.280232
   -0.363374
   -0.249790
     2.61537E-02
    0.364724
    0.635507
    0.725999
    0.585126
    0.243939
   -0.195465
   -0.598854
   -0.851000
   -0.898091
   -0.763949
   -0.533639
   -0.312148
   -0.176703
   -0.144187
   -0.168245
   -0.167127
    -6.88435E-02
    0.148186
    0.439117
    0.709933
    0.860463
    0.832636
    0.639928
    0.362454
    0.108729
    -3.78096E-02
    -6.07427E-02
    -1.87833E-02
    -1.39517E-02
   -0.134081
   -0.398234
   -0.734172
    -1.00263
    -1.06018
   -0.832101
   -0.359518
    0.204866
    0.654171
    0.814074
    0.619563
    0.145698
   -0.422988
   -0.871260
    -1.04435
   -0.910114
   -0.564986
   -0.183172
     6.48010E-02
     8.51400E-02
   -0.107489
   -0.410726
   -0.692970
   -0.857587
   -0.880878
   -0.807841
   -0.712788
   -0.649719
   -0.620768
   -0.579212
   -0.463396
   -0.240705
     6.41623E-02
    0.373085
    0.588768
    0.640921
    0.519778
    0.279873
     1.34180E-02
   -0.191283
   -0.284091
   -0.263534
   -0.161703
    -1.64162E-02
    0.150267
    0.333818
    0.529914
    0.712261
    0.824549
    0.797910
    0.589171
    0.219947
   -0.208382
   -0.539313
   -0.621029
   -0.376633
    0.149276
    0.793974
     1.33407
     1.57495
     1.43317
    0.973886
    0.385113
    -1.00850E-01
   -0.303960
   -0.168279
    0.221612
    0.684463
     1.02400
     1.11034
    0.925743
    0.558280
    0.151610
   -0.161850
   -0.312823
   -0.311303
   -0.225252
   -0.137765
   -0.106079
   -0.141045
   -0.212616
   -0.273261
   -0.284100
   -0.230502
   -0.122427
     1.59122E-02
    0.157824
    0.280047
    0.361821
    0.382122
    0.321555
    0.171477
    -5.37300E-02
   -0.309993
   -0.530328
   -0.646223
   -0.615852
   -0.445521
   -0.191992
     5.81170E-02
    0.224059
    0.265410
    0.198360
     8.53670E-02
     2.95611E-03
     3.78753E-03
     9.22965E-02
    0.226349
    0.343750
    0.399185
    0.391324
    0.364723
    0.384482
    0.496416
    0.694076
    0.911333
     1.04676
     1.00962
    0.765572
    0.359436
    -9.73344E-02
   -0.469674
   -0.653057
   -0.614058
   -0.399397
   -0.110795
    0.140975
    0.280572
    0.291197
    0.208327
     9.10001E-02
    -1.21065E-02
    -8.39729E-02
   -0.138699
   -0.202728
   -0.291156
   -0.394069
   -0.480782
   -0.518637
   -0.494120
   -0.422710
   -0.340777
   -0.283893
   -0.264637
   -0.263974
   -0.242714
   -0.167523
    -3.63715E-02
    0.112845
    0.218265
    0.228306
    0.136123
    -6.22267E-03
   -0.105310
    -7.03967E-02
    0.136716
    0.472301
    0.819917
     1.03766
     1.02290
    0.763275
    0.347473
    -7.18747E-02
   -0.347059
   -0.403228
   -0.271949
    -7.32407E-02
     4.57135E-02
    -1.48495E-02
   -0.256389
   -0.580262
   -0.835826
   -0.894183
   -0.710554
   -0.344337
     7.22759E-02
    0.400054
    0.558615
    0.558991
    0.487423
    0.450674
    0.513056
    0.659046
    0.801147
    0.828255
    0.668223
    0.330939
    -9.11083E-02
   -0.465142
   -0.681031
   -0.702069
   -0.577736
   -0.412997
   -0.311489
   -0.323006
   -0.422296
   -0.528647
   -0.553752
   -0.450891
   -0.239025
     9.86948E-03
    0.211374
    0.313453
    0.320633
    0.285173
    0.271912
    0.318035
    0.411196
    0.498196
    0.518499
    0.442486
    0.291793
    0.129635
     2.65223E-02
     2.12226E-02
     9.97264E-02
    0.204706
    0.270253
    0.261735
    0.197115
    0.136328
    0.143670
    0.244367
    0.401044
    0.525771
    0.523837
    0.347026
     2.73888E-02
   -0.328599
   -0.585234
   -0.640773
   -0.476873
   -0.168619
    0.150778
    0.353392
    0.376399
    0.248426
     6.96893E-02
    -4.32381E-02
    -1.94130E-02
    0.129342
    0.314654
    0.417480
    0.350146
     1.03482E-01
   -0.244017
   -0.558989
   -0.711820
   -0.633407
   -0.344605
     5.32930E-02
    0.420692
    0.634601
    0.633090
    0.433072
    0.117831
   -0.197176
   -0.405314
   -0.442031
   -0.301240
    -3.25533E-02
    0.277428
    0.533292
    0.660656
    0.629540
    0.464033
    0.233906
     2.91114E-02
    -7.50496E-02
    -4.89107E-02
     7.82985E-02
    0.230843
    0.321334
    0.293402
    0.151815
    -3.62965E-02
   -0.172316
   -0.176000
    -2.99660E-02
    0.204988
    0.414359
    0.484794
    0.363197
     8.96517E-02
   -0.214877
   -0.402959
   -0.372191
   -0.118508
    0.256483
    0.589832
    0.733067
    0.622886
    0.311785
    -5.68353E-02
   -0.317152
   -0.359334
   -0.179554
    0.122259
    0.394435
    0.508305
    0.418189
    0.177859
